item_type,item_text,best_testcase_id,best_similarity,best_testcase_text
concept,utente,TC-Recensione-001,0.7563769817352295,"test case id: tc-recensione-001 title: create a new review module: recensione source pages: 1, 2 preconditions: user is logged in as a client. test data: - titolo: ""great product"" - descrizione: ""i really liked the product."" - voto: 5 - cliente: ""john doe"" - venditore: ""vendor x"" test steps: 1. log in as a client. 2. navigate to the review creation page. 3. enter the provided data into the respective fields. 4. click on the ""submit review"" button. expected result: a new review should be created with the provided details."
concept,cliente,TC-Recensione-001,0.7715631723403931,"test case id: tc-recensione-001 title: create a new review module: recensione source pages: 1, 2 preconditions: user is logged in as a client. test data: - titolo: ""great product"" - descrizione: ""i really liked the product."" - voto: 5 - cliente: ""john doe"" - venditore: ""vendor x"" test steps: 1. log in as a client. 2. navigate to the review creation page. 3. enter the provided data into the respective fields. 4. click on the ""submit review"" button. expected result: a new review should be created with the provided details."
concept,segnalazione,TC-Segnalazione-001,0.7821648120880127,"test case id: tc-segnalazione-001 title: create a new report module: segnalazione source pages: 1, 2 preconditions: user is logged in as a client. test data: - titolo: ""broken product"" - descrizione: ""the product is not working properly."" - cliente: ""john doe"" - venditore: ""vendor x"" test steps: 1. log in as a client. 2. navigate to the report creation page. 3. enter the provided data into the respective fields. 4. click on the ""submit report"" button. expected result: a new report should be created with the provided details."
concept,recensione,TC-Recensione-001,0.7727714776992798,"test case id: tc-recensione-001 title: create a new review module: recensione source pages: 1, 2 preconditions: user is logged in as a client. test data: - titolo: ""great product"" - descrizione: ""i really liked the product."" - voto: 5 - cliente: ""john doe"" - venditore: ""vendor x"" test steps: 1. log in as a client. 2. navigate to the review creation page. 3. enter the provided data into the respective fields. 4. click on the ""submit review"" button. expected result: a new review should be created with the provided details."
concept,prodotto,TC-Prodotto-002,0.7724812626838684,"test case id: tc-prodotto-002 title: add a new product module: prodotto source pages: 1, 4 preconditions: user is logged in as a vendor. test data: - nome: ""new product"" - categoria: ""clothing"" - prezzo: 29.99 - descrizione: ""a stylish clothing item."" - scadenza: ""2023-12-31"" test steps: 1. log in as a vendor. 2. navigate to the product addition page. 3. enter the provided data into the respective fields. 4. click on the ""add product"" button. expected result: a new product should be added with the provided details."
concept,map,TC-Map-001,0.7601447701454163,"test case id: tc-map-001 title: access user position and create list module: map source pages: 2 preconditions: user location is accessible. test data: - none test steps: 1. navigate to the map-based feature page. 2. ensure the user's position is accessible. 3. click on the ""create list"" button. expected result: a list should be created based on the user's position."
concept,posizione dell'utente è accessibile?,TC-Recensione-001,0.7527505159378052,"test case id: tc-recensione-001 title: create a new review module: recensione source pages: 1, 2 preconditions: user is logged in as a client. test data: - titolo: ""great product"" - descrizione: ""i really liked the product."" - voto: 5 - cliente: ""john doe"" - venditore: ""vendor x"" test steps: 1. log in as a client. 2. navigate to the review creation page. 3. enter the provided data into the respective fields. 4. click on the ""submit review"" button. expected result: a new review should be created with the provided details."
concept,crea la lista in base alla posizione dell'utente,TC-Recensione-001,0.7509378790855408,"test case id: tc-recensione-001 title: create a new review module: recensione source pages: 1, 2 preconditions: user is logged in as a client. test data: - titolo: ""great product"" - descrizione: ""i really liked the product."" - voto: 5 - cliente: ""john doe"" - venditore: ""vendor x"" test steps: 1. log in as a client. 2. navigate to the review creation page. 3. enter the provided data into the respective fields. 4. click on the ""submit review"" button. expected result: a new review should be created with the provided details."
concept,segnalazione errore,TC-Segnalazione-001,0.7642288208007812,"test case id: tc-segnalazione-001 title: create a new report module: segnalazione source pages: 1, 2 preconditions: user is logged in as a client. test data: - titolo: ""broken product"" - descrizione: ""the product is not working properly."" - cliente: ""john doe"" - venditore: ""vendor x"" test steps: 1. log in as a client. 2. navigate to the report creation page. 3. enter the provided data into the respective fields. 4. click on the ""submit report"" button. expected result: a new report should be created with the provided details."
concept,click su un prodotto,TC-Recensione-001,0.7759596705436707,"test case id: tc-recensione-001 title: create a new review module: recensione source pages: 1, 2 preconditions: user is logged in as a client. test data: - titolo: ""great product"" - descrizione: ""i really liked the product."" - voto: 5 - cliente: ""john doe"" - venditore: ""vendor x"" test steps: 1. log in as a client. 2. navigate to the review creation page. 3. enter the provided data into the respective fields. 4. click on the ""submit review"" button. expected result: a new review should be created with the provided details."
concept,modifica prodotto,TC-Recensione-001,0.7482580542564392,"test case id: tc-recensione-001 title: create a new review module: recensione source pages: 1, 2 preconditions: user is logged in as a client. test data: - titolo: ""great product"" - descrizione: ""i really liked the product."" - voto: 5 - cliente: ""john doe"" - venditore: ""vendor x"" test steps: 1. log in as a client. 2. navigate to the review creation page. 3. enter the provided data into the respective fields. 4. click on the ""submit review"" button. expected result: a new review should be created with the provided details."
concept,"premuto tasto ""modifica""",TC-Recensione-001,0.7761384844779968,"test case id: tc-recensione-001 title: create a new review module: recensione source pages: 1, 2 preconditions: user is logged in as a client. test data: - titolo: ""great product"" - descrizione: ""i really liked the product."" - voto: 5 - cliente: ""john doe"" - venditore: ""vendor x"" test steps: 1. log in as a client. 2. navigate to the review creation page. 3. enter the provided data into the respective fields. 4. click on the ""submit review"" button. expected result: a new review should be created with the provided details."
concept,i campi sono compilati correttamente?,TC-Recensione-001,0.753575325012207,"test case id: tc-recensione-001 title: create a new review module: recensione source pages: 1, 2 preconditions: user is logged in as a client. test data: - titolo: ""great product"" - descrizione: ""i really liked the product."" - voto: 5 - cliente: ""john doe"" - venditore: ""vendor x"" test steps: 1. log in as a client. 2. navigate to the review creation page. 3. enter the provided data into the respective fields. 4. click on the ""submit review"" button. expected result: a new review should be created with the provided details."
concept,segnala errore,TC-Segnalazione-001,0.7671200037002563,"test case id: tc-segnalazione-001 title: create a new report module: segnalazione source pages: 1, 2 preconditions: user is logged in as a client. test data: - titolo: ""broken product"" - descrizione: ""the product is not working properly."" - cliente: ""john doe"" - venditore: ""vendor x"" test steps: 1. log in as a client. 2. navigate to the report creation page. 3. enter the provided data into the respective fields. 4. click on the ""submit report"" button. expected result: a new report should be created with the provided details."
concept,applica modifiche prodotto,TC-Recensione-001,0.7600867748260498,"test case id: tc-recensione-001 title: create a new review module: recensione source pages: 1, 2 preconditions: user is logged in as a client. test data: - titolo: ""great product"" - descrizione: ""i really liked the product."" - voto: 5 - cliente: ""john doe"" - venditore: ""vendor x"" test steps: 1. log in as a client. 2. navigate to the review creation page. 3. enter the provided data into the respective fields. 4. click on the ""submit review"" button. expected result: a new review should be created with the provided details."
concept,"click su pulsante ""+""",TC-Recensione-001,0.7551463842391968,"test case id: tc-recensione-001 title: create a new review module: recensione source pages: 1, 2 preconditions: user is logged in as a client. test data: - titolo: ""great product"" - descrizione: ""i really liked the product."" - voto: 5 - cliente: ""john doe"" - venditore: ""vendor x"" test steps: 1. log in as a client. 2. navigate to the review creation page. 3. enter the provided data into the respective fields. 4. click on the ""submit review"" button. expected result: a new review should be created with the provided details."
concept,aggiungi prodotto,TC-Recensione-001,0.7448992729187012,"test case id: tc-recensione-001 title: create a new review module: recensione source pages: 1, 2 preconditions: user is logged in as a client. test data: - titolo: ""great product"" - descrizione: ""i really liked the product."" - voto: 5 - cliente: ""john doe"" - venditore: ""vendor x"" test steps: 1. log in as a client. 2. navigate to the review creation page. 3. enter the provided data into the respective fields. 4. click on the ""submit review"" button. expected result: a new review should be created with the provided details."
concept,"premuto tasto ""aggiungi""",TC-Recensione-001,0.7591778635978699,"test case id: tc-recensione-001 title: create a new review module: recensione source pages: 1, 2 preconditions: user is logged in as a client. test data: - titolo: ""great product"" - descrizione: ""i really liked the product."" - voto: 5 - cliente: ""john doe"" - venditore: ""vendor x"" test steps: 1. log in as a client. 2. navigate to the review creation page. 3. enter the provided data into the respective fields. 4. click on the ""submit review"" button. expected result: a new review should be created with the provided details."
concept,click su,TC-Recensione-001,0.7465612292289734,"test case id: tc-recensione-001 title: create a new review module: recensione source pages: 1, 2 preconditions: user is logged in as a client. test data: - titolo: ""great product"" - descrizione: ""i really liked the product."" - voto: 5 - cliente: ""john doe"" - venditore: ""vendor x"" test steps: 1. log in as a client. 2. navigate to the review creation page. 3. enter the provided data into the respective fields. 4. click on the ""submit review"" button. expected result: a new review should be created with the provided details."
concept,gestione notifiche,TC-Segnalazione-001,0.7450860738754272,"test case id: tc-segnalazione-001 title: create a new report module: segnalazione source pages: 1, 2 preconditions: user is logged in as a client. test data: - titolo: ""broken product"" - descrizione: ""the product is not working properly."" - cliente: ""john doe"" - venditore: ""vendor x"" test steps: 1. log in as a client. 2. navigate to the report creation page. 3. enter the provided data into the respective fields. 4. click on the ""submit report"" button. expected result: a new report should be created with the provided details."
concept,"premuto ""push notification""",TC-ManageNotifications-006,0.77870112657547,"test case id: tc-managenotifications-006 title: re-enable push notifications only module: manage notifications source pages: 6 preconditions: user is logged in. test data: - none test steps: 1. navigate to the notification settings page. 2. re-enable ""push notification"". 3. save the settings. expected result: push notifications should be re-enabled"
concept,invia notifiche push,TC-Recensione-001,0.7252011299133301,"test case id: tc-recensione-001 title: create a new review module: recensione source pages: 1, 2 preconditions: user is logged in as a client. test data: - titolo: ""great product"" - descrizione: ""i really liked the product."" - voto: 5 - cliente: ""john doe"" - venditore: ""vendor x"" test steps: 1. log in as a client. 2. navigate to the review creation page. 3. enter the provided data into the respective fields. 4. click on the ""submit review"" button. expected result: a new review should be created with the provided details."
concept,"premuto ""in app notification""",TC-GestioneNotifiche-002,0.7597883343696594,"test case id: tc-gestionenotifiche-002 title: send in-app notifications module: gestione notifiche source pages: 5 preconditions: user is logged in. test data: - none test steps: 1. navigate to the notification management page. 2. click on the ""in app notification"" option. 3. click on the ""send in-app notifications"" button. expected result: in-app notifications should be sent to all subscribed users."
concept,invia notifiche in app,TC-Recensione-001,0.7228126525878906,"test case id: tc-recensione-001 title: create a new review module: recensione source pages: 1, 2 preconditions: user is logged in as a client. test data: - titolo: ""great product"" - descrizione: ""i really liked the product."" - voto: 5 - cliente: ""john doe"" - venditore: ""vendor x"" test steps: 1. log in as a client. 2. navigate to the review creation page. 3. enter the provided data into the respective fields. 4. click on the ""submit review"" button. expected result: a new review should be created with the provided details."
concept,manage notifications,TC-ManageNotifications-006,0.7811093330383301,"test case id: tc-managenotifications-006 title: re-enable push notifications only module: manage notifications source pages: 6 preconditions: user is logged in. test data: - none test steps: 1. navigate to the notification settings page. 2. re-enable ""push notification"". 3. save the settings. expected result: push notifications should be re-enabled"
