src_tc_id,best_ref_tc_id,best_similarity,src_embedding_text,best_ref_embedding_text
TC-USER-REGISTRATION-001,TC-SignUpViewModel-001,0.8952172994613647,"source: design test case id: tc-user-registration-001 title: successful user registration with valid credentials module: user registration source files or pages: 2, 5 covered methods: preconditions: - userregistration and usersdatabase services are available. - no duplicate username exists in the system. test data: - username: `john_doe_123` - password: `securepass123!` - email: `john.doe@example.com` test steps: 1. user navigates to the registration page. 2. user enters `john_doe_123` as username, `securepass123!` as password, and `john.doe@example.com` as email. 3. user clicks the ""register"" button. 4. system calls `registeruser()` with the provided credentials. 5. userregistration validates input and calls `saveuserdata()` on usersdatabase. 6. usersdatabase persists the user data (username, password, email). expected result: - user receives a success message: ""registration successful. please log in."" - user data is stored in usersdatabase with hashed password. - userprofile is created with `id` auto-generated, `name` and `email` populated. unit: project:","source: code test case id: tc-signupviewmodel-001 title: register user with valid email and password module: signupviewmodel source files or pages: [""app/src/main/java/com/mondegoteam/weathertogo/auth/signup/signupviewmodel.kt""] covered methods: [""registeruser""] preconditions: [""the user has entered a valid email and password""] test data: [""valid email"", ""valid password""] test steps: [""call the `registeruser` method with the entered email and password"", ""verify that the `registeruser` method returns a `resource.success` object""] expected result: [""the user is registered successfully""] unit: auth_02 project: code_file5"
TC-USER-REGISTRATION-002,TC-UserData-001,0.876956582069397,"source: design test case id: tc-user-registration-002 title: registration failure with duplicate username module: user registration source files or pages: 2, 5 covered methods: preconditions: - user `john_doe_123` already exists in usersdatabase. test data: - username: `john_doe_123` (duplicate) - password: `newpass456!` - email: `john.doe.duplicate@example.com` test steps: 1. user attempts to register with existing username. 2. system calls `registeruser()`. 3. userregistration detects duplicate username and rejects the request. expected result: - error message: ""username already exists. please choose another."" - no new user or profile is created in usersdatabase. unit: project:","source: code test case id: tc-userdata-001 title: register user with valid data module: userdata source files or pages: [""app/src/main/java/com/mondegoteam/weathertogo/model/userdata.kt""] covered methods: [""register""] preconditions: [""usersingleton.user is null""] test data: [""name = 'john doe', email = 'johndoe@example.com', password = 'password123'""] test steps: [""call register method with valid data""] expected result: [""usersingleton.user is not null""] unit: model_08 project: code_file5"
TC-USER-REGISTRATION-003,TC-AuthRepositoryImpl-004,0.887660026550293,"source: design test case id: tc-user-registration-003 title: registration failure with invalid password format module: user registration source files or pages: 2, 5 covered methods: preconditions: - password policy requires: 8+ chars, 1 uppercase, 1 number, 1 special char. test data: - username: `new_user_789` - password: `weak` (invalid) - email: `new.user@example.com` test steps: 1. user enters invalid password. 2. userregistration validates input and rejects the request. expected result: - error message: ""password must be 8+ characters with uppercase, number, and special character."" - no user data is saved. unit: project:","source: code test case id: tc-authrepositoryimpl-004 title: test registeruser with invalid email and password module: authrepositoryimpl source files or pages: [""app/src/main/java/com/mondegoteam/weathertogo/auth/authrepositoryimpl.kt""] covered methods: [""registeruser""] preconditions: [""user is not registered""] test data: [""invalid email and password""] test steps: [""call registeruser with invalid email and password"", ""verify that the user is not registered""] expected result: [""user is not registered""] unit: auth_02 project: code_file5"
TC-USER-LOGIN-001,TC-SignInViewModel-001,0.89850914478302,"source: design test case id: tc-user-login-001 title: successful login with valid credentials module: user authentication source files or pages: 1, 3, 5 covered methods: preconditions: - user `john_doe_123` exists in usersdatabase with password `securepass123!`. test data: - username: `john_doe_123` - password: `securepass123!` test steps: 1. user enters credentials on the login page. 2. system calls `login(username, password)` on user class. 3. user class verifies credentials with usersdatabase. 4. usersdatabase returns `true` for valid credentials. expected result: - user is logged in successfully. - system returns `true` and redirects to the dashboard. - user session is created (e.g., jwt token issued). unit: project:","source: code test case id: tc-signinviewmodel-001 title: login with valid credentials module: signinviewmodel source files or pages: [""app/src/main/java/com/mondegoteam/weathertogo/auth/login/signinviewmodel.kt""] covered methods: [""loginuser""] preconditions: [""the user has entered valid credentials in the email and password fields""] test data: [""valid email"", ""valid password""] test steps: [""click the login button"", ""verify that the user is logged in successfully""] expected result: [""the user is redirected to the home screen"", ""the user's email and password are saved in the app's shared preferences""] unit: login_07 project: code_file5"
TC-USER-LOGIN-002,TC-AuthRepositoryImpl-002,0.8901021480560303,"source: design test case id: tc-user-login-002 title: login failure with incorrect password module: user authentication source files or pages: 1, 3, 5 covered methods: preconditions: - user `john_doe_123` exists with password `securepass123!`. test data: - username: `john_doe_123` - password: `wrongpass123!` test steps: 1. user enters incorrect password. 2. system calls `login()` and verifies credentials. 3. usersdatabase returns `false`. expected result: - error message: ""invalid username or password."" - user remains on login page. - no session is created. unit: project:","source: code test case id: tc-authrepositoryimpl-002 title: test loginuser with invalid email and password module: authrepositoryimpl source files or pages: [""app/src/main/java/com/mondegoteam/weathertogo/auth/authrepositoryimpl.kt""] covered methods: [""loginuser""] preconditions: [""user is not logged in""] test data: [""invalid email and password""] test steps: [""call loginuser with invalid email and password"", ""verify that the user is not logged in""] expected result: [""user is not logged in""] unit: auth_02 project: code_file5"
TC-USER-LOGIN-003,TC-AuthRepositoryImpl-001,0.8623002767562866,"source: design test case id: tc-user-login-003 title: login failure with non-existent username module: user authentication source files or pages: 1, 3, 5 covered methods: preconditions: - no user exists with username `nonexistent_user`. test data: - username: `nonexistent_user` - password: `anypassword123!` test steps: 1. user enters non-existent username. 2. system calls `login()` and checks usersdatabase. 3. usersdatabase returns `false`. expected result: - error message: ""invalid username or password."" - no session is created. unit: project:","source: code test case id: tc-authrepositoryimpl-001 title: test loginuser with valid email and password module: authrepositoryimpl source files or pages: [""app/src/main/java/com/mondegoteam/weathertogo/auth/authrepositoryimpl.kt""] covered methods: [""loginuser""] preconditions: [""user is not logged in""] test data: [""valid email and password""] test steps: [""call loginuser with valid email and password"", ""verify that the user is logged in""] expected result: [""user is logged in""] unit: auth_02 project: code_file5"
TC-USER-LOGOUT-001,TC-AuthRepositoryImpl-006,0.8684355020523071,"source: design test case id: tc-user-logout-001 title: successful user logout module: user authentication source files or pages: 1, 3, 5 covered methods: preconditions: - user `john_doe_123` is logged in with an active session. test data: test steps: 1. user clicks the ""logout"" button. 2. system calls `logout()` on the user class. 3. user session is terminated (e.g., jwt token invalidated). expected result: - user is redirected to the login page. - session data is cleared. - user must re-authenticate to access protected features. unit: project:","source: code test case id: tc-authrepositoryimpl-006 title: test getcurrentuserid with logged out user module: authrepositoryimpl source files or pages: [""app/src/main/java/com/mondegoteam/weathertogo/auth/authrepositoryimpl.kt""] covered methods: [""getcurrentuserid""] preconditions: [""user is logged out""] test data: [""valid email and password""] test steps: [""call getcurrentuserid"", ""verify that the user id is not returned""] expected result: [""user id is not returned""] unit: auth_02 project: code_file5"
TC-TRIP-CREATION-001,TC-TripDataService-002,0.889633059501648,"source: design test case id: tc-trip-creation-001 title: successful trip creation with valid data module: trip management source files or pages: 1, 4 covered methods: preconditions: - user `john_doe_123` is logged in. - tripdatabase is accessible. test data: - trip name: `paris vacation 2023` - date: `2023-12-15` - category: `adventure` test steps: 1. user navigates to the ""create trip"" page. 2. user enters trip details and clicks ""save."" 3. system calls `createtrip(name, date, category)` on the trip class. 4. tripdatabase persists the new trip with auto-generated `id`. expected result: - success message: ""trip created successfully."" - new trip appears in the user's trip list. - trip is associated with the logged-in user (`user -> trip` relationship). unit: project:","source: code test case id: tc-tripdataservice-002 title: gettrips() should return a list of trips for a given user id module: tripdataservice source files or pages: [""app/src/main/java/com/mondegoteam/weathertogo/model/trip/tripdataservice.kt""] covered methods: [""gettrips""] preconditions: [""the trip database contains trips for the given user id""] test data: [""a valid user id""] test steps: [""call gettrips() with the given user id"", ""verify that the list of trips is returned""] expected result: [""the list of trips is returned"", ""the list of trips contains the trips for the given user id""] unit: model_08 project: code_file5"
TC-TRIP-CREATION-002,TC-UserData-004,0.8258650898933411,"source: design test case id: tc-trip-creation-002 title: trip creation failure with invalid date format module: trip management source files or pages: 1, 4 covered methods: preconditions: - user is logged in. test data: - trip name: `invalid trip` - date: `15-12-2023` (invalid format; expected: `yyyy-mm-dd`) - category: `relaxation` test steps: 1. user enters invalid date format. 2. system validates input and rejects the request. expected result: - error message: ""date must be in yyyy-mm-dd format."" - no trip is created. unit: project:","source: code test case id: tc-userdata-004 title: add trip to user with invalid data module: userdata source files or pages: [""app/src/main/java/com/mondegoteam/weathertogo/model/userdata.kt""] covered methods: [""addtrip""] preconditions: [""usersingleton.user is not null""] test data: [""trip = trip(id = uuid.randomuuid(), name = '', description = 'trip 1 description')""] test steps: [""call addtrip method with invalid data""] expected result: [""usersingleton.user.trips is null or does not contain the added trip""] unit: model_08 project: code_file5"
TC-TRIP-DELETION-001,TC-TripDataService-004,0.9247329235076904,"source: design test case id: tc-trip-deletion-001 title: successful trip deletion module: trip management source files or pages: 1, 4 covered methods: preconditions: - user `john_doe_123` has a trip with `id = 101`. - user is logged in and owns the trip. test data: test steps: 1. user navigates to their trips list. 2. user selects trip `id = 101` and clicks ""delete."" 3. system calls `deletetrip(id)` on the trip class. 4. tripdatabase removes the trip and all associated plans/daily plans. expected result: - success message: ""trip deleted successfully."" - trip no longer appears in the user's list. - all associated `plan` and `dailyplan` records are cascaded-deleted (if applicable). unit: project:","source: code test case id: tc-tripdataservice-004 title: deletetrip() should delete a trip from the database module: tripdataservice source files or pages: [""app/src/main/java/com/mondegoteam/weathertogo/model/trip/tripdataservice.kt""] covered methods: [""deletetrip""] preconditions: [""the trip database contains a trip with the given id""] test data: [""a valid trip id""] test steps: [""call deletetrip() with the given trip id"", ""verify that the trip is deleted from the database""] expected result: [""the trip is deleted from the database"", ""the deleted trip is not returned""] unit: trip_21 project: code_file5"
TC-TRIP-DELETION-002,TC-TripDataService-004,0.9153831005096436,"source: design test case id: tc-trip-deletion-002 title: trip deletion failure (non-existent trip id) module: trip management source files or pages: 1, 4 covered methods: preconditions: - user is logged in. - no trip exists with `id = 999`. test data: test steps: 1. user attempts to delete trip `id = 999`. 2. system calls `deletetrip(999)`. 3. tripdatabase returns `false` (trip not found). expected result: - error message: ""trip not found or you do not have permission to delete it."" - no changes are made to the database. unit: project:","source: code test case id: tc-tripdataservice-004 title: deletetrip() should delete a trip from the database module: tripdataservice source files or pages: [""app/src/main/java/com/mondegoteam/weathertogo/model/trip/tripdataservice.kt""] covered methods: [""deletetrip""] preconditions: [""the trip database contains a trip with the given id""] test data: [""a valid trip id""] test steps: [""call deletetrip() with the given trip id"", ""verify that the trip is deleted from the database""] expected result: [""the trip is deleted from the database"", ""the deleted trip is not returned""] unit: trip_21 project: code_file5"
TC-PLAN-CREATION-001,TC-PlanDetailsScreen-003,0.8506416082382202,"source: design test case id: tc-plan-creation-001 title: successful plan creation linked to a trip module: plan management source files or pages: 1 covered methods: preconditions: - user `john_doe_123` has a trip with `id = 101`. - user is logged in. test data: - plan name: `day 1 itinerary` - date: `2023-12-15` - category: `adventure` test steps: 1. user selects trip `id = 101` and navigates to ""create plan."" 2. user enters plan details and clicks ""save."" 3. system calls `createplan(name, date, category)` on the plan class. 4. plan is associated with the selected trip (`trip -> plan`). expected result: - success message: ""plan created successfully."" - plan appears under the trip in the user's dashboard. - plan `id` is auto-generated and linked to the trip. unit: project:","source: code test case id: tc-plandetailsscreen-003 title: test planheader method module: plandetailsscreen source files or pages: [""app/src/main/java/com/mondegoteam/weathertogo/ui/screens/plandetailsscreen.kt""] covered methods: [""planheader""] preconditions: [""distributedplans is not empty""] test data: [{""name"": ""plan"", ""value"": ""a dailyplan object""}] test steps: [""call planheader with a dailyplan object"", ""verify that the plan is displayed correctly""] expected result: [""the plan is displayed correctly""] unit: ui_22 project: code_file5"
TC-DAILY-PLAN-CREATION-001,TC-PlanDetailsScreen-004,0.8542221188545227,"source: design test case id: tc-daily-plan-creation-001 title: successful daily plan creation linking user, plan, and date module: daily plan management source files or pages: 1 covered methods: preconditions: - user `john_doe_123` is logged in. - user has a plan with `id = 201` (linked to trip `id = 101`). test data: - date: `2023-12-15` test steps: 1. user selects plan `id = 201` and navigates to ""create daily plan."" 2. user enters date `2023-12-15` and clicks ""save."" 3. system calls `createdailyplan(user, plan, date)`. 4. dailyplan is created with associations to `user`, `plan`, and `date`. expected result: - success message: ""daily plan created for 2023-12-15."" - dailyplan appears in the user's calendar for the selected date. - `dailyplan.id` is auto-generated and linked to the user and plan. unit: project:","source: code test case id: tc-plandetailsscreen-004 title: test dayplanitem method module: plandetailsscreen source files or pages: [""app/src/main/java/com/mondegoteam/weathertogo/ui/screens/plandetailsscreen.kt""] covered methods: [""dayplanitem""] preconditions: [""distributedplans is not empty"", ""unassignedplaces is not empty""] test data: [{""name"": ""plan"", ""value"": ""a dailyplan object""}, {""name"": ""unassignedplaces"", ""value"": ""a list of place objects""}] test steps: [""call dayplanitem with a dailyplan object and a list of place objects"", ""verify that the plan is displayed correctly and the unassigned places are displayed""] expected result: [""the plan is displayed correctly and the unassigned places are displayed""] unit: ui_22 project: code_file5"
TC-DAILY-PLAN-DELETION-001,TC-PlanDetailsScreen-002,0.8507052063941956,"source: design test case id: tc-daily-plan-deletion-001 title: successful daily plan deletion module: daily plan management source files or pages: 1 covered methods: preconditions: - user `john_doe_123` has a daily plan with `id = 301` for `2023-12-15`. - user is logged in and owns the daily plan. test data: test steps: 1. user views their daily plans and selects `id = 301`. 2. user clicks ""delete."" 3. system calls `deletedailyplan(id)`. expected result: - success message: ""daily plan deleted."" - daily plan no longer appears in the user's calendar. - association between `user`, `plan`, and `date` is removed. unit: project:","source: code test case id: tc-plandetailsscreen-002 title: test removeplacefromday method module: plandetailsscreen source files or pages: [""app/src/main/java/com/mondegoteam/weathertogo/ui/screens/plandetailsscreen.kt""] covered methods: [""removeplacefromday""] preconditions: [""distributedplans is not empty"", ""unassignedplaces is not empty""] test data: [{""name"": ""placetoremove"", ""value"": ""a place object""}] test steps: [""call removeplacefromday with a place object and a dailyplan object"", ""verify that the place is removed from the dailyplan object and the unassignedplaces list is updated""] expected result: [""the place is removed from the dailyplan object and the unassignedplaces list is updated""] unit: mondegoteam_10 project: code_file5"
TC-PROFILE-UPDATE-001,TC-ProfileScreen-001,0.841671884059906,"source: design test case id: tc-profile-update-001 title: successful user profile update module: user profile management source files or pages: 5 covered methods: preconditions: - user `john_doe_123` is logged in with profile `id = ""up101""`. - current profile: `name = ""john doe""`, `email = ""john.doe@example.com""`. test data: - new name: `johnathan doe` - new email: `johnathan.doe@example.com` test steps: 1. user navigates to ""edit profile."" 2. user updates name and email, then clicks ""save."" 3. system calls `updateprofile(name, email)` on userprofile. 4. usersdatabase updates the profile record. expected result: - success message: ""profile updated successfully."" - userprofile reflects new `name` and `email`. - changes are visible when user calls `getprofile()`. unit: project:","source: code test case id: tc-profilescreen-001 title: verify profilescreen layout module: profilescreen source files or pages: [""app/src/main/java/com/mondegoteam/weathertogo/ui/screens/profilescreen.kt""] covered methods: [""profilescreen""] preconditions: [""user is logged in""] test data: [""none""] test steps: [""launch profilescreen"", ""verify that the screen layout is as expected (e.g., the profile avatar, user id, username, email, and change password button are displayed)""] expected result: [""the screen layout is correct and the user can see their profile information.""] unit: ui_22 project: code_file5"
TC-PROFILE-UPDATE-002,TC-AuthRepositoryImpl-004,0.8428129553794861,source: design test case id: tc-profile-update-002 title: profile update failure with invalid email format module: user profile management source files or pages: 5 covered methods: preconditions: - user is logged in. test data: - new name: `john doe` - new email: `invalid.email` (missing `@ test steps: expected result: unit: project:,"source: code test case id: tc-authrepositoryimpl-004 title: test registeruser with invalid email and password module: authrepositoryimpl source files or pages: [""app/src/main/java/com/mondegoteam/weathertogo/auth/authrepositoryimpl.kt""] covered methods: [""registeruser""] preconditions: [""user is not registered""] test data: [""invalid email and password""] test steps: [""call registeruser with invalid email and password"", ""verify that the user is not registered""] expected result: [""user is not registered""] unit: auth_02 project: code_file5"
